splinters = [seek];
seek 
{
	position = [2, -2];
	#productions = "agents/robot3/clean-house-new.soar";
}

image_path = "../common/10x10.png";
image_origin = [ 0, 0 ];
meters_per_pixel = 1.0;

metadata
{
      0 = [ 1, 1, 9, 9];
      1 = [11, 1, 9, 9];
      2 = [21, 1, 9, 9];
      3 = [31, 1, 9, 9];
      4 = [41, 1, 9, 9];
      5 = [51, 1, 9, 9];
      6 = [61, 1, 9, 9];
      7 = [71, 1, 9, 9];
      8 = [81, 1, 9, 9];
      9 = [91, 1, 9, 9];
     10 = [ 1,11, 9, 9];
     11 = [11,11, 9, 9];
     12 = [21,11, 9, 9];
     13 = [31,11, 9, 9];
     14 = [41,11, 9, 9];
     15 = [51,11, 9, 9];
     16 = [61,11, 9, 9];
     17 = [71,11, 9, 9];
     18 = [81,11, 9, 9];
     19 = [91,11, 9, 9];
     20 = [ 1,21, 9, 9];
     21 = [11,21, 9, 9];
     22 = [21,21, 9, 9];
     23 = [31,21, 9, 9];
     24 = [41,21, 9, 9];
     25 = [51,21, 9, 9];
     26 = [61,21, 9, 9];
     27 = [71,21, 9, 9];
     28 = [81,21, 9, 9];
     29 = [91,21, 9, 9];
     30 = [ 1,31, 9, 9];
     31 = [11,31, 9, 9];
     32 = [21,31, 9, 9];
     33 = [31,31, 9, 9];
     34 = [41,31, 9, 9];
     35 = [51,31, 9, 9];
     36 = [61,31, 9, 9];
     37 = [71,31, 9, 9];
     38 = [81,31, 9, 9];
     39 = [91,31, 9, 9];
     40 = [ 1,41, 9, 9];
     41 = [11,41, 9, 9];
     42 = [21,41, 9, 9];
     43 = [31,41, 9, 9];
     44 = [41,41, 9, 9];
     45 = [51,41, 9, 9];
     46 = [61,41, 9, 9];
     47 = [71,41, 9, 9];
     48 = [81,41, 9, 9];
     49 = [91,41, 9, 9];
     50 = [ 1,51, 9, 9];
     51 = [11,51, 9, 9];
     52 = [21,51, 9, 9];
     53 = [31,51, 9, 9];
     54 = [41,51, 9, 9];
     55 = [51,51, 9, 9];
     56 = [61,51, 9, 9];
     57 = [71,51, 9, 9];
     58 = [81,51, 9, 9];
     59 = [91,51, 9, 9];
     60 = [ 1,61, 9, 9];
     61 = [11,61, 9, 9];
     62 = [21,61, 9, 9];
     63 = [31,61, 9, 9];
     64 = [41,61, 9, 9];
     65 = [51,61, 9, 9];
     66 = [61,61, 9, 9];
     67 = [71,61, 9, 9];
     68 = [81,61, 9, 9];
     69 = [91,61, 9, 9];
     70 = [ 1,71, 9, 9];
     71 = [11,71, 9, 9];
     72 = [21,71, 9, 9];
     73 = [31,71, 9, 9];
     74 = [41,71, 9, 9];
     75 = [51,71, 9, 9];
     76 = [61,71, 9, 9];
     77 = [71,71, 9, 9];
     78 = [81,71, 9, 9];
     79 = [91,71, 9, 9];
     80 = [ 1,81, 9, 9];
     81 = [11,81, 9, 9];
     82 = [21,81, 9, 9];
     83 = [31,81, 9, 9];
     84 = [41,81, 9, 9];
     85 = [51,81, 9, 9];
     86 = [61,81, 9, 9];
     87 = [71,81, 9, 9];
     88 = [81,81, 9, 9];
     89 = [91,81, 9, 9];
     90 = [ 1,91, 9, 9];
     91 = [11,91, 9, 9];
     92 = [21,91, 9, 9];
     93 = [31,91, 9, 9];
     94 = [41,91, 9, 9];
     95 = [51,91, 9, 9];
     96 = [61,91, 9, 9];
     97 = [71,91, 9, 9];
     98 = [81,91, 9, 9];
     99 = [91,91, 9, 9];
    100 = [10, 4, 1, 3];
    101 = [20, 4, 1, 3];
    102 = [30, 4, 1, 3];
    103 = [40, 4, 1, 3];
    104 = [50, 4, 1, 3];
    105 = [60, 4, 1, 3];
    106 = [70, 4, 1, 3];
    107 = [80, 4, 1, 3];
    108 = [90, 4, 1, 3];
    109 = [10,14, 1, 3];
    110 = [20,14, 1, 3];
    111 = [30,14, 1, 3];
    112 = [40,14, 1, 3];
    113 = [50,14, 1, 3];
    114 = [60,14, 1, 3];
    115 = [70,14, 1, 3];
    116 = [80,14, 1, 3];
    117 = [90,14, 1, 3];
    118 = [10,24, 1, 3];
    119 = [20,24, 1, 3];
    120 = [30,24, 1, 3];
    121 = [40,24, 1, 3];
    122 = [50,24, 1, 3];
    123 = [60,24, 1, 3];
    124 = [70,24, 1, 3];
    125 = [80,24, 1, 3];
    126 = [90,24, 1, 3];
    127 = [10,34, 1, 3];
    128 = [20,34, 1, 3];
    129 = [30,34, 1, 3];
    130 = [40,34, 1, 3];
    131 = [50,34, 1, 3];
    132 = [60,34, 1, 3];
    133 = [70,34, 1, 3];
    134 = [80,34, 1, 3];
    135 = [90,34, 1, 3];
    136 = [10,44, 1, 3];
    137 = [20,44, 1, 3];
    138 = [30,44, 1, 3];
    139 = [40,44, 1, 3];
    140 = [50,44, 1, 3];
    141 = [60,44, 1, 3];
    142 = [70,44, 1, 3];
    143 = [80,44, 1, 3];
    144 = [90,44, 1, 3];
    145 = [10,54, 1, 3];
    146 = [20,54, 1, 3];
    147 = [30,54, 1, 3];
    148 = [40,54, 1, 3];
    149 = [50,54, 1, 3];
    150 = [60,54, 1, 3];
    151 = [70,54, 1, 3];
    152 = [80,54, 1, 3];
    153 = [90,54, 1, 3];
    154 = [10,64, 1, 3];
    155 = [20,64, 1, 3];
    156 = [30,64, 1, 3];
    157 = [40,64, 1, 3];
    158 = [50,64, 1, 3];
    159 = [60,64, 1, 3];
    160 = [70,64, 1, 3];
    161 = [80,64, 1, 3];
    162 = [90,64, 1, 3];
    163 = [10,74, 1, 3];
    164 = [20,74, 1, 3];
    165 = [30,74, 1, 3];
    166 = [40,74, 1, 3];
    167 = [50,74, 1, 3];
    168 = [60,74, 1, 3];
    169 = [70,74, 1, 3];
    170 = [80,74, 1, 3];
    171 = [90,74, 1, 3];
    172 = [10,84, 1, 3];
    173 = [20,84, 1, 3];
    174 = [30,84, 1, 3];
    175 = [40,84, 1, 3];
    176 = [50,84, 1, 3];
    177 = [60,84, 1, 3];
    178 = [70,84, 1, 3];
    179 = [80,84, 1, 3];
    180 = [90,84, 1, 3];
    181 = [10,94, 1, 3];
    182 = [20,94, 1, 3];
    183 = [30,94, 1, 3];
    184 = [40,94, 1, 3];
    185 = [50,94, 1, 3];
    186 = [60,94, 1, 3];
    187 = [70,94, 1, 3];
    188 = [80,94, 1, 3];
    189 = [90,94, 1, 3];
    190 = [ 4,10, 3, 1];
    191 = [14,10, 3, 1];
    192 = [24,10, 3, 1];
    193 = [34,10, 3, 1];
    194 = [44,10, 3, 1];
    195 = [54,10, 3, 1];
    196 = [64,10, 3, 1];
    197 = [74,10, 3, 1];
    198 = [84,10, 3, 1];
    199 = [94,10, 3, 1];
    200 = [ 4,20, 3, 1];
    201 = [14,20, 3, 1];
    202 = [24,20, 3, 1];
    203 = [34,20, 3, 1];
    204 = [44,20, 3, 1];
    205 = [54,20, 3, 1];
    206 = [64,20, 3, 1];
    207 = [74,20, 3, 1];
    208 = [84,20, 3, 1];
    209 = [94,20, 3, 1];
    210 = [ 4,30, 3, 1];
    211 = [14,30, 3, 1];
    212 = [24,30, 3, 1];
    213 = [34,30, 3, 1];
    214 = [44,30, 3, 1];
    215 = [54,30, 3, 1];
    216 = [64,30, 3, 1];
    217 = [74,30, 3, 1];
    218 = [84,30, 3, 1];
    219 = [94,30, 3, 1];
    220 = [ 4,40, 3, 1];
    221 = [14,40, 3, 1];
    222 = [24,40, 3, 1];
    223 = [34,40, 3, 1];
    224 = [44,40, 3, 1];
    225 = [54,40, 3, 1];
    226 = [64,40, 3, 1];
    227 = [74,40, 3, 1];
    228 = [84,40, 3, 1];
    229 = [94,40, 3, 1];
    230 = [ 4,50, 3, 1];
    231 = [14,50, 3, 1];
    232 = [24,50, 3, 1];
    233 = [34,50, 3, 1];
    234 = [44,50, 3, 1];
    235 = [54,50, 3, 1];
    236 = [64,50, 3, 1];
    237 = [74,50, 3, 1];
    238 = [84,50, 3, 1];
    239 = [94,50, 3, 1];
    240 = [ 4,60, 3, 1];
    241 = [14,60, 3, 1];
    242 = [24,60, 3, 1];
    243 = [34,60, 3, 1];
    244 = [44,60, 3, 1];
    245 = [54,60, 3, 1];
    246 = [64,60, 3, 1];
    247 = [74,60, 3, 1];
    248 = [84,60, 3, 1];
    249 = [94,60, 3, 1];
    250 = [ 4,70, 3, 1];
    251 = [14,70, 3, 1];
    252 = [24,70, 3, 1];
    253 = [34,70, 3, 1];
    254 = [44,70, 3, 1];
    255 = [54,70, 3, 1];
    256 = [64,70, 3, 1];
    257 = [74,70, 3, 1];
    258 = [84,70, 3, 1];
    259 = [94,70, 3, 1];
    260 = [ 4,80, 3, 1];
    261 = [14,80, 3, 1];
    262 = [24,80, 3, 1];
    263 = [34,80, 3, 1];
    264 = [44,80, 3, 1];
    265 = [54,80, 3, 1];
    266 = [64,80, 3, 1];
    267 = [74,80, 3, 1];
    268 = [84,80, 3, 1];
    269 = [94,80, 3, 1];
    270 = [ 4,90, 3, 1];
    271 = [14,90, 3, 1];
    272 = [24,90, 3, 1];
    273 = [34,90, 3, 1];
    274 = [44,90, 3, 1];
    275 = [54,90, 3, 1];
    276 = [64,90, 3, 1];
    277 = [74,90, 3, 1];
    278 = [84,90, 3, 1];
    279 = [94,90, 3, 1];
    doors = [100,101,102,103,104,105,106,107,108,109,110,111,112,113,114,115,116,117,118,119,120,121,122,123,124,125,126,127,128,129,130,131,132,133,134,135,136,137,138,139,140,141,142,143,144,145,146,147,148,149,150,151,152,153,154,155,156,157,158,159,160,161,162,163,164,165,166,167,168,169,170,171,172,173,174,175,176,177,178,179,180,181,182,183,184,185,186,187,188,189,190,191,192,193,194,195,196,197,198,199,200,201,202,203,204,205,206,207,208,209,210,211,212,213,214,215,216,217,218,219,220,221,222,223,224,225,226,227,228,229,230,231,232,233,234,235,236,237,238,239,240,241,242,243,244,245,246,247,248,249,250,251,252,253,254,255,256,257,258,259,260,261,262,263,264,265,266,267,268,269,270,271,272,273,274,275,276,277,278,279];

	objects
	{
		green-cube 
		{
			size = [ .25, .25 ];
			color = green;
			weight = 0.5;
			diffusible = key;
			diffused = false;
			diffuse-wire = green;
			height = short;
			smell = sulfur;
			shape = cube;
			type = block;
		}
	
		blue-short-burn-sphere 
		{
			size = [ .25, .25 ];
			color = blue;
			weight = 0.5;
			diffusible = key;
			diffused = false;
			diffuse-wire = blue;
			height = short;
			smell = burn;
			shape = sphere;
			type = block;
		}
	}

}

